0
1
10
100
100
100
100
100
100
100
100
100
100
10
10
10
10
10
10
10
10
10
1
11
11
11
11
11
11
11
11
11
11
1
12
12
12
12
12
12
12
12
12
12
1
13
13
13
13
13
13
13
13
13
13
1
14
14
14
14
14
14
14
14
14
14
1
15
15
15
15
15
15
15
15
15
15
1
16
16
16
16
16
16
16
16
16
16
1
17
17
17
17
17
17
17
17
17
17
1
18
18
18
18
18
18
18
18
18
18
1
19
19
19
19
19
19
19
19
19
19
0
2
20
20
20
20
20
20
20
20
20
20
2
21
21
21
21
21
21
21
21
21
21
2
22
22
22
22
22
22
22
22
22
22
2
23
23
23
23
23
23
23
23
23
23
2
24
24
24
24
24
24
24
24
24
24
2
25
25
25
25
25
25
25
25
25
25
2
26
26
26
26
26
26
26
26
26
26
2
27
27
27
27
27
27
27
27
27
27
2
28
28
28
28
28
28
28
28
28
28
2
29
29
29
29
29
29
29
29
29
29
0
3
30
30
30
30
30
30
30
30
30
30
3
31
31
31
31
31
31
31
31
31
31
3
32
32
32
32
32
32
32
32
32
32
3
33
33
33
33
33
33
33
33
33
33
3
34
34
34
34
34
34
34
34
34
34
3
35
35
35
35
35
35
35
35
35
35
3
36
36
36
36
36
36
36
36
36
36
3
37
37
37
37
37
37
37
37
37
37
3
38
38
38
38
38
38
38
38
38
38
3
39
39
39
39
39
39
39
39
39
39
0
4
40
40
40
40
40
40
40
40
40
40
4
41
41
41
41
41
41
41
41
41
41
4
42
42
42
42
42
42
42
42
42
42
4
43
43
43
43
43
43
43
43
43
43
4
44
44
44
44
44
44
44
44
44
44
4
45
45
45
45
45
45
45
45
45
45
4
46
46
46
46
46
46
46
46
46
46
4
47
47
47
47
47
47
47
47
47
47
4
48
48
48
48
48
48
48
48
48
48
4
49
49
49
49
49
49
49
49
49
49
0
5
50
50
50
50
50
50
50
50
50
50
5
51
51
51
51
51
51
51
51
51
51
5
52
52
52
52
52
52
52
52
52
52
5
53
53
53
53
53
53
53
53
53
53
5
54
54
54
54
54
54
54
54
54
54
5
55
55
55
55
55
55
55
55
55
55
5
56
56
56
56
56
56
56
56
56
56
5
57
57
57
57
57
57
57
57
57
57
5
58
58
58
58
58
58
58
58
58
58
5
59
59
59
59
59
59
59
59
59
59
0
6
60
60
60
60
60
60
60
60
60
60
6
61
61
61
61
61
61
61
61
61
61
6
62
62
62
62
62
62
62
62
62
62
6
63
63
63
63
63
63
63
63
63
63
6
64
64
64
64
64
64
64
64
64
64
6
65
65
65
65
65
65
65
65
65
65
6
66
66
66
66
66
66
66
66
66
66
6
67
67
67
67
67
67
67
67
67
67
6
68
68
68
68
68
68
68
68
68
68
6
69
69
69
69
69
69
69
69
69
69
0
7
70
70
70
70
70
70
70
70
70
70
7
71
71
71
71
71
71
71
71
71
71
7
72
72
72
72
72
72
72
72
72
72
7
73
73
73
73
73
73
73
73
73
73
7
74
74
74
74
74
74
74
74
74
74
7
75
75
75
75
75
75
75
75
75
75
7
76
76
76
76
76
76
76
76
76
76
7
77
77
77
77
77
77
77
77
77
77
7
78
78
78
78
78
78
78
78
78
78
7
79
79
79
79
79
79
79
79
79
79
0
8
80
80
80
80
80
80
80
80
80
80
8
81
81
81
81
81
81
81
81
81
81
8
82
82
82
82
82
82
82
82
82
82
8
83
83
83
83
83
83
83
83
83
83
8
84
84
84
84
84
84
84
84
84
84
8
85
85
85
85
85
85
85
85
85
85
8
86
86
86
86
86
86
86
86
86
86
8
87
87
87
87
87
87
87
87
87
87
8
88
88
88
88
88
88
88
88
88
88
8
89
89
89
89
89
89
89
89
89
89
0
9
90
90
90
90
90
90
90
90
90
90
9
91
91
91
91
91
91
91
91
91
91
9
92
92
92
92
92
92
92
92
92
92
9
93
93
93
93
93
93
93
93
93
93
9
94
94
94
94
94
94
94
94
94
94
9
95
95
95
95
95
95
95
95
95
95
9
96
96
96
96
96
96
96
96
96
96
9
97
97
97
97
97
97
97
97
97
97
9
98
98
98
98
98
98
98
98
98
98
9
99
99
99
99
99
99
99
99
99
99
